Session Information:,,,,Device Information:,,,,Oarlock Information:,,,,Oarlock Settings:

Name:,Dist-250M,,,Name:,SpdCoach 2739060,,,Firmware:,001.01,,,Boat ID:,SPRIN
Start Time:,11/14/2022 18:12,,,Model:,SpeedCoach GPS Pro,,,,,,,Seat Number:,1
Type:,Single Distance,,,Serial:,2739060,,,,,,,Port Starboard:,Port
System of Units:,Meters/Split500,,,Firmware Version:,2.23,,,,,,,Oar Length:,286
Speed Input:,Impeller,,,Profile Version:,0.03,,,,,,,Inboard Length:,86
,,,,Hardware Version:,Rev 11,,,,,,,,
,,,,LiNK Version:,2.1.68,,,,,,,,


Session Summary:

Total Intervals,Total Distance (GPS),Total Distance (IMP),Total Elapsed Time,Avg Split (GPS),Avg Speed (GPS),Avg Split (IMP),Avg Speed (IMP),Avg Stroke Rate,Total Strokes,Distance/Stroke (GPS),Distance/Stroke (IMP),Avg Heart Rate,Avg Power,Avg Catch,Avg Slip,Avg Finish,Avg Wash,Avg Force Avg,Avg Work,Avg Force Max,Avg Max Force Angle,Start GPS Lat.,Start GPS Lon.
(Interval),(Meters),(Meters),(HH:MM:SS.tenths),(/500),(M/S),(/500),(M/S),(SPM),(Strokes),(Meters),(Meters),(BPM),(Watts),(Degrees),(Degrees),(Degrees),(Degrees),(Newtons),(Joules),(Newtons),(Degrees),(Degrees),(Degrees)
1,259.2,250.0,00:01:05.6,00:02:05.4,3.99,00:02:11.2,3.81,31.0,33,7.9,7.6,139.0,191.0,-53.0,13.0,40.0,13.0,227.0,360.0,468.0,-12.0,46.9663225,7.3894499


Interval Summaries:

Interval,Total Distance (GPS),Total Distance (IMP),Total Elapsed Time,Avg Split (GPS),Avg Speed (GPS),Avg Split (IMP),Avg Speed (IMP),Avg Stroke Rate,Total Strokes,Distance/Stroke (GPS),Distance/Stroke (IMP),Avg Heart Rate,Avg Power,Avg Catch,Avg Slip,Avg Finish,Avg Wash,Avg Force Avg,Avg Work,Avg Force Max,Avg Max Force Angle,Start GPS Lat.,Start GPS Lon.
(Interval),(Meters),(Meters),(HH:MM:SS.tenths),(/500),(M/S),(/500),(M/S),(SPM),(Strokes),(Meters),(Meters),(BPM),(Watts),(Degrees),(Degrees),(Degrees),(Degrees),(Newtons),(Joules),(Newtons),(Degrees),(Degrees),(Degrees)
1,259.2,250.0,00:01:05.6,00:02:05.3,3.99,00:02:11.2,3.81,31.0,33,7.9,7.6,140.0,191.0,-53.0,13.0,40.0,13.0,227.0,360.0,468.0,-12.0,46.9663225,7.3894499



Per-Stroke Data:

Interval,Distance (GPS),Distance (IMP),Elapsed Time,Split (GPS),Speed (GPS),Split (IMP),Speed (IMP),Stroke Rate,Total Strokes,Distance/Stroke (GPS),Distance/Stroke (IMP),Heart Rate,Power,Catch,Slip,Finish,Wash,Force Avg,Work,Force Max,Max Force Angle,GPS Lat.,GPS Lon.
(Interval),(Meters),(Meters),(HH:MM:SS.tenths),(/500),(M/S),(/500),(M/S),(SPM),(Strokes),(Meters),(Meters),(BPM),(Watts),(Degrees),(Degrees),(Degrees),(Degrees),(Newtons),(Joules),(Newtons),(Degrees),(Degrees),(Degrees)
1,2.9,3.0,00:00:03.8,00:19:22.8,0.43,00:04:13.8,1.97,16.0,1,2.9,3.0,94,124.0,-32,14,42,10,203.0,267.0,478.0,13,46.9663225,7.3894499
1,---,---,---,---,---,---,---,---,1,---,---,---,51.0,-46,20,38,10,106.0,171.0,222.0,17,---,---
1,7.9,7.8,00:00:06.0,00:05:52.1,1.42,00:03:52.6,2.15,28.0,2,5.1,4.9,99,154.0,-37,15,41,9,220.0,302.0,477.0,-4,46.9663329,7.3893848
1,14.1,14.4,00:00:08.2,00:03:20.0,2.50,00:02:52.4,2.90,28.0,3,6.2,6.5,103,199.0,-55,14,42,11,272.0,443.0,511.0,1,46.9663475,7.3893059
1,21.8,21.5,00:00:10.2,00:02:36.2,3.20,00:02:27.1,3.40,29.0,4,7.7,7.1,108,208.0,-51,14,41,10,255.0,393.0,491.0,-11,46.9663657,7.3892081
1,29.7,29.2,00:00:12.2,00:02:15.9,3.68,00:02:10.2,3.84,31.5,5,7.8,7.8,112,243.0,-58,12,41,10,286.0,461.0,527.0,-9,46.9663839,7.3891086
1,37.4,37.6,00:00:14.2,00:02:05.3,3.99,00:02:02.5,4.08,33.0,6,7.7,8.4,114,228.0,-52,15,41,10,262.0,402.0,547.0,-11,46.9664021,7.3890103
1,45.3,44.2,00:00:15.8,00:01:58.2,4.23,00:01:59.0,4.20,33.0,7,7.9,6.6,114,246.0,-57,9,40,10,288.0,451.0,532.0,-17,46.9664203,7.3889099
1,53.4,51.9,00:00:17.6,00:01:54.7,4.36,00:01:58.8,4.21,33.0,8,8.1,7.7,114,166.0,-49,17,37,15,205.0,286.0,469.0,-10,46.9664394,7.3888075
1,61.8,60.0,00:00:19.6,00:01:54.7,4.36,00:02:02.0,4.10,30.5,9,8.5,8.1,132,149.0,-54,16,39,14,200.0,317.0,463.0,-14,46.9664579,7.3886996
1,69.3,67.2,00:00:21.4,00:01:58.2,4.23,00:02:04.4,4.02,31.5,10,7.5,7.2,131,216.0,-57,9,39,11,247.0,403.0,457.0,-21,46.9664731,7.3886030
1,76.6,74.9,00:00:23.2,00:01:59.0,4.20,00:02:00.8,4.14,33.0,11,7.2,7.7,133,213.0,-56,10,39,11,241.0,388.0,462.0,-5,46.9664869,7.3885101
1,85.2,82.4,00:00:25.0,00:01:53.1,4.42,00:01:58.2,4.23,33.0,12,8.7,7.5,135,206.0,-51,15,42,12,236.0,346.0,485.0,-11,46.9665018,7.3883984
1,93.2,90.0,00:00:26.8,00:01:51.9,4.47,00:01:58.2,4.23,34.5,13,8.0,7.6,142,230.0,-57,10,39,10,277.0,419.0,509.0,-17,46.9665144,7.3882948
1,101.3,97.7,00:00:28.6,00:01:53.1,4.42,00:01:56.8,4.28,33.0,14,8.1,7.7,148,174.0,-56,15,39,11,196.0,329.0,418.0,-9,46.9665259,7.3881895
1,109.4,105.4,00:00:30.4,00:01:54.4,4.37,00:01:58.2,4.23,33.0,15,8.0,7.7,148,226.0,-50,9,41,10,256.0,379.0,495.0,-13,46.9665354,7.3880836
1,116.7,113.1,00:00:32.2,00:01:54.9,4.35,00:01:56.8,4.28,34.5,16,7.3,7.7,148,217.0,-55,10,39,11,242.0,406.0,520.0,-17,46.9665439,7.3879885
1,125.4,120.4,00:00:34.0,00:01:52.1,4.46,00:02:00.2,4.16,33.0,17,8.7,7.4,144,222.0,-55,11,40,13,255.0,384.0,492.0,-17,46.9665536,7.3878749
1,133.3,127.9,00:00:35.8,00:01:53.1,4.42,00:02:00.2,4.16,33.0,18,7.9,7.5,144,187.0,-54,13,40,13,212.0,359.0,448.0,-14,46.9665623,7.3877711
1,141.9,136.1,00:00:37.8,00:01:55.5,4.33,00:02:02.2,4.09,31.5,19,8.5,8.2,136,206.0,-55,13,40,12,237.0,379.0,482.0,-4,46.9665704,7.3876595
1,149.6,143.5,00:00:39.6,00:01:58.2,4.23,00:02:03.2,4.06,31.5,20,7.8,7.4,137,219.0,-57,11,40,12,262.0,416.0,492.0,-16,46.9665773,7.3875578
1,157.5,151.1,00:00:41.4,00:01:58.8,4.21,00:02:00.5,4.15,31.5,21,7.9,7.6,137,225.0,-55,9,40,11,254.0,435.0,527.0,-15,46.9665847,7.3874543
1,166.2,159.2,00:00:43.4,00:01:54.9,4.35,00:02:01.1,4.13,31.5,22,8.6,8.1,137,248.0,-55,10,41,12,282.0,439.0,519.0,-15,46.9665926,7.3873411
1,174.0,166.8,00:00:45.2,00:01:54.2,4.38,00:01:57.9,4.24,33.0,23,7.8,7.6,137,228.0,-57,10,40,13,263.0,425.0,528.0,-19,46.9665992,7.3872387
1,181.8,175.4,00:00:47.2,00:01:56.0,4.31,00:01:58.2,4.23,31.5,24,7.8,8.6,170,193.0,-57,10,39,14,231.0,370.0,462.0,-17,46.9666070,7.3871362
1,190.2,182.7,00:00:49.0,00:01:56.6,4.29,00:01:59.3,4.19,33.0,25,8.4,7.4,171,232.0,-55,11,40,13,263.0,415.0,534.0,-17,46.9666139,7.3870266
1,198.1,190.3,00:00:50.8,00:01:57.1,4.27,00:01:59.9,4.17,32.0,26,7.9,7.5,170,223.0,-58,9,39,12,255.0,424.0,503.0,-17,46.9666211,7.3869236
1,206.1,198.1,00:00:52.6,00:01:56.0,4.31,00:01:58.8,4.21,32.5,27,8.0,7.8,166,208.0,-58,12,39,14,230.0,385.0,472.0,-21,46.9666286,7.3868186
1,214.0,205.7,00:00:54.4,00:01:56.0,4.31,00:01:58.2,4.23,33.0,28,7.9,7.6,166,213.0,-56,12,39,11,239.0,392.0,483.0,-16,46.9666355,7.3867150
1,221.1,213.4,00:00:56.2,00:01:57.1,4.27,00:01:57.6,4.25,33.0,29,7.1,7.8,165,173.0,-54,11,36,17,190.0,316.0,473.0,-17,46.9666405,7.3866214
1,230.0,221.3,00:00:58.2,00:01:55.5,4.33,00:02:03.2,4.06,30.5,30,8.9,7.9,163,145.0,-52,15,38,16,175.0,293.0,455.0,-14,46.9666465,7.3865048
1,238.1,229.3,00:01:00.2,00:01:59.6,4.18,00:02:04.7,4.01,31.5,31,8.0,8.0,163,165.0,-54,12,40,17,192.0,308.0,433.0,-17,46.9666497,7.3863987
1,245.7,237.4,00:01:02.2,00:02:03.2,4.06,00:02:05.3,3.99,29.0,32,7.6,8.1,163,103.0,-49,18,39,19,128.0,214.0,337.0,-7,46.9666507,7.3862984
1,255.6,246.3,00:01:04.6,00:02:02.2,4.09,00:02:10.5,3.83,27.0,33,9.9,8.9,167,49.0,-52,27,35,31,74.0,111.0,198.0,-13,46.9666483,7.3861684
